image: map_11_1_n2.pgm
resolution: 0.050000
origin: [-18.200000, -7.000000, 0.000000]
negate: 0
occupied_thresh: 0.65
free_thresh: 0.196

